%YAML:1.0
---
model_type: PINHOLE
camera_name: camera
image_width: 848
image_height: 480
distortion_parameters:
   k1: 0.0
   k2: 0.0
   p1: 0.0
   p2: 0.0
projection_parameters:
   fx: 425.2752990722656
   fy: 425.2752990722656
   cx: 425.1191101074219
   cy: 242.454833984375
